"ngrip_age"	"ngrip_oxy18"
0.02	-34.91
0.04	-35.11
0.06	-34.65
0.08	-34.53
0.1	-35.29
0.12	-35.02
0.14	-35.02
0.16	-35.78
0.18	-35.16
0.2	-35.61
0.22	-35.12
0.24	-35.79
0.26	-35.82
0.28	-35.36
0.3	-36.05
0.32	-35.39
0.34	-36.14
0.36	-35.33
0.38	-35.35
0.4	-35.72
0.42	-35.03
0.44	-35.61
0.46	-35.83
0.48	-34.93
0.5	-35.07
0.52	-35.87
0.54	-35.13
0.56	-34.98
0.58	-35.04
0.6	-35.54
0.62	-34.86
0.64	-35.25
0.66	-36.43
0.68	-35.07
0.7	-35.2
0.72	-35.49
0.74	-35.66
0.76	-35.4
0.78	-35.15
0.8	-35.8
0.82	-35.34
0.84	-35.62
0.86	-35.36
0.88	-35.59
0.9	-35.14
0.92	-35.45
0.94	-35.61
0.96	-35.92
0.98	-34.96
1	-35.24
1.02	-35.02
1.04	-35
1.06	-34.98
1.08	-35.41
1.1	-35.73
1.12	-35.35
1.14	-35.75
1.16	-35.45
1.18	-35.34
1.2	-35.38
1.22	-35.27
1.24	-35.15
1.26	-35.33
1.28	-35.33
1.3	-35.27
1.32	-35.14
1.34	-34.69
1.36	-35.44
1.38	-35.26
1.4	-35.14
1.42	-35.28
1.44	-34.43
1.46	-35.78
1.48	-35.33
1.5	-35.83
1.52	-35.38
1.54	-35.36
1.56	-35.74
1.58	-34.46
1.6	-34.64
1.62	-35.27
1.64	-35.86
1.66	-35.49
1.68	-35.27
1.7	-35.8
1.72	-34.93
1.74	-35.55
1.76	-35.9
1.78	-35.44
1.8	-35.47
1.82	-35.37
1.84	-35.04
1.86	-35.39
1.88	-34.49
1.9	-35.07
1.92	-34.43
1.94	-34.71
1.96	-35.1
1.98	-35.32
2	-35.11
2.02	-34.79
2.04	-35.35
2.06	-34.95
2.08	-34.89
2.1	-35.07
2.12	-35.46
2.14	-35.18
2.16	-36.07
2.18	-35.76
2.2	-35.2
2.22	-35.26
2.24	-34.84
2.26	-34.57
2.28	-34.81
2.3	-35.11
2.32	-34.94
2.34	-35.09
2.36	-35.26
2.38	-35.08
2.4	-34.68
2.42	-34.86
2.44	-35.32
2.46	-35.88
2.48	-35.48
2.5	-35.71
2.52	-34.83
2.54	-35.24
2.56	-34.84
2.58	-35.43
2.6	-35.06
2.62	-35.41
2.64	-35.14
2.66	-35.14
2.68	-35.43
2.7	-35.32
2.72	-35.12
2.74	-35.1
2.76	-34.83
2.78	-34.91
2.8	-34.99
2.82	-34.92
2.84	-34.63
2.86	-35.49
2.88	-35.2
2.9	-34.98
2.92	-34.81
2.94	-34.38
2.96	-34.81
2.98	-34.85
3	-34.79
3.02	-35.45
3.04	-35.14
3.06	-34.94
3.08	-35.14
3.1	-34.97
3.12	-34.87
3.14	-35.04
3.16	-35.26
3.18	-34.54
3.2	-35.25
3.22	-35.28
3.24	-34.76
3.26	-35.54
3.28	-35.25
3.3	-35.24
3.32	-34.89
3.34	-34.29
3.36	-34.98
3.38	-35.42
3.4	-34.66
3.42	-34.8
3.44	-34.67
3.46	-35.19
3.48	-35.28
3.5	-34.75
3.52	-35.1
3.54	-35.42
3.56	-34.77
3.58	-34.63
3.6	-35.09
3.62	-35.18
3.64	-34.93
3.66	-34.28
3.68	-34.71
3.7	-34.68
3.72	-34.41
3.74	-34.65
3.76	-35.36
3.78	-35.27
3.8	-34.78
3.82	-35.01
3.84	-35.17
3.86	-35.36
3.88	-34.9
3.9	-35.34
3.92	-35.16
3.94	-34.85
3.96	-35.12
3.98	-34.96
4	-35.14
4.02	-34.41
4.04	-35.2
4.06	-34.74
4.08	-35.53
4.1	-35.14
4.12	-34.87
4.14	-35.2
4.16	-34.72
4.18	-34.76
4.2	-34.5
4.22	-34.78
4.24	-35.01
4.26	-35.26
4.28	-34.92
4.3	-34.63
4.32	-34.79
4.34	-34.75
4.36	-35
4.38	-35.47
4.4	-35.2
4.42	-34.76
4.44	-34.06
4.46	-34.8
4.48	-35.15
4.5	-34.83
4.52	-35.27
4.54	-34.83
4.56	-34.21
4.58	-34.57
4.6	-34.51
4.62	-35.05
4.64	-34.69
4.66	-35.21
4.68	-35.02
4.7	-34.71
4.72	-34.79
4.74	-35.09
4.76	-34.54
4.78	-34.82
4.8	-34.66
4.82	-34.93
4.84	-34.42
4.86	-34.89
4.88	-34.79
4.9	-34.65
4.92	-34.55
4.94	-34.57
4.96	-34.08
4.98	-34.92
5	-34.79
5.02	-34.53
5.04	-34.8
5.06	-34.63
5.08	-34.84
5.1	-34.64
5.12	-35.11
5.14	-34.73
5.16	-35.05
5.18	-33.85
5.2	-34.63
5.22	-34.9
5.24	-34.74
5.26	-34.56
5.28	-35.27
5.3	-35.03
5.32	-34.77
5.34	-35.39
5.36	-34.96
5.38	-34.78
5.4	-35.1
5.42	-34.35
5.44	-34.81
5.46	-34.91
5.48	-34.47
5.5	-34.53
5.52	-34.7
5.54	-34.36
5.56	-34.22
5.58	-35.06
5.6	-34.78
5.62	-35.19
5.64	-33.88
5.66	-35.2
5.68	-35.18
5.7	-34.51
5.72	-35.25
5.74	-34.69
5.76	-34.71
5.78	-34.55
5.8	-34.5
5.82	-34.71
5.84	-35.02
5.86	-34.71
5.88	-33.95
5.9	-34.2
5.92	-34.61
5.94	-34.91
5.96	-34.73
5.98	-34.85
6	-35.03
6.02	-34.77
6.04	-34.78
6.06	-35.49
6.08	-34.27
6.1	-35.17
6.12	-34.71
6.14	-34.39
6.16	-34.42
6.18	-34.89
6.2	-34.89
6.22	-34.58
6.24	-34.6
6.26	-35.13
6.28	-34.38
6.3	-35.2
6.32	-34.55
6.34	-34.6
6.36	-34.86
6.38	-34.99
6.4	-34.23
6.42	-34.62
6.44	-34.07
6.46	-34.97
6.48	-34.32
6.5	-34.5
6.52	-34.53
6.54	-35.01
6.56	-34.97
6.58	-34.98
6.6	-34.45
6.62	-34.37
6.64	-34.61
6.66	-34.57
6.68	-34.74
6.7	-34.37
6.72	-34.49
6.74	-34.52
6.76	-34.58
6.78	-35.12
6.8	-34.69
6.82	-34.32
6.84	-34.36
6.86	-34.72
6.88	-34.56
6.9	-34.97
6.92	-34.32
6.94	-34.26
6.96	-35.11
6.98	-34.73
7	-34.47
7.02	-34.82
7.04	-34.9
7.06	-34.77
7.08	-34.4
7.1	-34.95
7.12	-34.97
7.14	-34.36
7.16	-35.28
7.18	-34.74
7.2	-34.68
7.22	-34.93
7.24	-34.87
7.26	-34.12
7.28	-34.84
7.3	-34.99
7.32	-34.73
7.34	-34.64
7.36	-34.74
7.38	-34.31
7.4	-34.55
7.42	-34.62
7.44	-34.5
7.46	-34.44
7.48	-33.88
7.5	-34.77
7.52	-34.78
7.54	-35.04
7.56	-34.34
7.58	-34.52
7.6	-34.08
7.62	-34.01
7.64	-34.88
7.66	-33.9
7.68	-34.01
7.7	-34.65
7.72	-34.26
7.74	-34.09
7.76	-34.75
7.78	-34.35
7.8	-34.13
7.82	-33.76
7.84	-34.35
7.86	-34.4
7.88	-34.62
7.9	-34.98
7.92	-34.51
7.94	-34.78
7.96	-34.83
7.98	-33.6
8	-34.04
8.02	-34.4
8.04	-34.43
8.06	-35.05
8.08	-34.51
8.1	-34.5
8.12	-33.96
8.14	-35.44
8.16	-35.68
8.18	-35.54
8.2	-36.06
8.22	-35.88
8.24	-36.03
8.26	-35.21
8.28	-35.68
8.32	-34.7
8.34	-34.87
8.36	-34.95
8.38	-34.41
8.4	-35.36
8.42	-34.79
8.44	-34.46
8.46	-35.07
8.48	-34.7
8.5	-34.43
8.52	-34.83
8.54	-34.99
8.56	-34.59
8.58	-34.35
8.6	-34.83
8.62	-34.18
8.64	-35.02
8.66	-35.46
8.68	-35.21
8.7	-34.01
8.72	-34.92
8.74	-34.49
8.76	-35.34
8.78	-34.21
8.8	-35.57
8.82	-35.22
8.84	-34.08
8.86	-35.15
8.88	-34.57
8.9	-34.17
8.92	-34.3
8.94	-34.71
8.96	-34.57
8.98	-34.47
9	-34.68
9.02	-35.57
9.04	-35.18
9.06	-34.92
9.08	-34.73
9.1	-34.61
9.12	-34.98
9.14	-34.47
9.16	-34.34
9.18	-34.7
9.2	-34.83
9.22	-34.92
9.24	-35.62
9.26	-35.66
9.28	-36.05
9.3	-35.19
9.32	-35.04
9.34	-34.91
9.36	-34.56
9.38	-34.87
9.4	-34.8
9.42	-34.83
9.44	-35.12
9.46	-35.12
9.48	-34.92
9.5	-34.66
9.52	-35.01
9.54	-34.56
9.56	-34.98
9.58	-35.13
9.6	-34.95
9.62	-34.77
9.64	-34.96
9.66	-34.85
9.68	-34.84
9.7	-34.62
9.72	-34.68
9.74	-34.87
9.76	-34.66
9.78	-34.49
9.8	-35.12
9.82	-35.37
9.84	-35.22
9.86	-34.54
9.88	-35.06
9.9	-35.26
9.92	-34.85
9.94	-35.46
9.96	-34.65
9.98	-35.1
10	-34.94
10.02	-35.11
10.04	-35.79
10.06	-35.21
10.08	-35.32
10.1	-35.29
10.12	-35.45
10.14	-34.99
10.16	-35.02
10.18	-34.89
10.2	-35.93
10.22	-35.54
10.24	-36.33
10.26	-36.39
10.28	-36.01
10.3	-36.01
10.32	-35.2
10.34	-36.12
10.36	-36.19
10.38	-36.36
10.4	-35.96
10.42	-36.12
10.44	-36.04
10.46	-35.53
10.48	-36.34
10.5	-35.47
10.52	-35.73
10.54	-35.86
10.56	-36
10.58	-35.88
10.6	-36.11
10.62	-36.13
10.64	-36.16
10.66	-35.49
10.68	-35.77
10.7	-36.05
10.72	-36.45
10.74	-35.88
10.76	-36.21
10.78	-36.84
10.8	-35.83
10.82	-36.59
10.84	-36.09
10.86	-37.23
10.88	-37.6
10.9	-37.25
10.92	-37.15
10.94	-36.99
10.96	-38.02
10.98	-36.53
11.02	-36.44
11.04	-36.65
11.06	-36.89
11.08	-37.1
11.1	-36.71
11.12	-36.43
11.14	-37.14
11.16	-36.62
11.18	-37.24
11.2	-37.39
11.22	-37.6
11.24	-36.58
11.26	-36.15
11.28	-36.59
11.3	-37.54
11.32	-36.67
11.34	-36.91
11.36	-37.45
11.38	-37.63
11.4	-37.12
11.42	-38.47
11.44	-38.25
11.46	-38.72
11.48	-37.42
11.5	-37.84
11.52	-36.9
11.54	-36.59
11.56	-36.88
11.58	-36.78
11.6	-36.41
11.62	-36.57
11.64	-36.69
11.66	-38.5
11.68	-39.03
11.7	-39.6
11.72	-39.71
11.74	-40.86
11.76	-40.55
11.78	-39.86
11.8	-40.46
11.82	-40.96
11.84	-39.17
11.86	-38.93
11.88	-41.52
11.9	-39.73
11.92	-41.93
11.94	-40.33
11.96	-41.54
11.98	-40.53
12	-39.6
